		[all transactions]	0.002	1.7881037237737947	21.27	28788	1	0.003473669584549118	21.759637188208618	2.747868188675517	1.4300320822542614	0.49	9.0735	10.4585
PROD_BYOD_02052020	Actions	Visible_BYOD_Homepage_Ex	0.002	0.0036299638989169677	0.016	554	0	0.0	0.41874527588813304	0.001374754687489343	0.003533066132264529	0.003	0.006	0.007
PROD_BYOD_02052020	Actions	Visible_BYOD_T01_HomePage	0.27	0.3426900900900901	0.727	555	0	0.0	0.41950113378684806	0.05543125917067509	0.3358877755511022	0.332	0.444	0.578
PROD_BYOD_02052020	Actions	Visible_BYOD_T02_Plan	0.182	0.22580324909747293	0.478	554	0	0.0	0.41874527588813304	0.046546357747246365	0.2180878243512974	0.213	0.341	0.423
PROD_BYOD_02052020	Actions	Visible_BYOD_T03_Bringyourown	0.216	0.2968994614003591	0.822	557	0	0.0	0.42101284958427815	0.06764259076313893	0.2891765873015873	0.281	0.422	0.547
PROD_BYOD_02052020	Actions	Visible_BYOD_T04_CheckIMEI	0.27	0.3502821428571428	1.478	560	0	0.0	0.42328042328042326	0.08180596440282996	0.3408019801980198	0.335	0.464	0.601
PROD_BYOD_02052020	Actions	Visible_BYOD_T05_Compatible_CT	0.102	0.13337142857142856	0.608	560	0	0.0	0.42328042328042326	0.028392842293465087	0.13100396825396826	0.13	0.162	0.19
PROD_BYOD_02052020	Actions	Visible_BYOD_T06_Summary_CT	0.006	0.016212499999999998	0.066	560	0	0.0	0.42328042328042326	0.010134647811647045	0.015600798403193613	0.01	0.035	0.039
PROD_BYOD_02052020	Actions	Visible_BYOD_T07_CreateAccount	7.186	8.4795	11.028	558	0	0.0	0.4217687074829932	0.6507633362194578	8.441861829025845	8.3805	9.714	10.4185
PROD_BYOD_02052020	Actions	Visible_BYOD_T08_Address_next	0.08	0.8397222222222221	1.952	558	0	0.0	0.4217687074829932	0.3674215149918508	0.845109561752988	0.951	1.2095	1.553
PROD_BYOD_02052020	Actions	Visible_BYOD_T09_Address_verification	1.405	7.440088129496403	18.469	556	0	0.0	0.42025699168556313	2.76619553793687	7.518641716566866	8.781	10.1185	11.99
PROD_BYOD_02052020	Actions	Visible_BYOD_T10_keepurnumber	0.245	0.3076528776978417	0.922	556	0	0.0	0.42025699168556313	0.057691269423382985	0.29991783567134267	0.283	0.403	0.49
PROD_BYOD_02052020	Actions	Visible_BYOD_T11_AccountDetails	1.817	2.136691891891892	3.858	555	0	0.0	0.41950113378684806	0.2702438895835557	2.1015828343313374	2.0635	2.599	3.3465
PROD_BYOD_02052020	Actions	Visible_BYOD_T12_Onyourway	0.157	0.261886690647482	1.052	556	0	0.0	0.42025699168556313	0.06341562971023224	0.2567434869739479	0.258	0.328	0.476
PROD_BYOD_02052020	Actions	Visible_BYOD_T13_Signout	0.868	1.0374530685920578	1.977	554	0	0.0	0.41874527588813304	0.12567178444536967	1.0256172344689378	1.0075	1.2815	1.4495
PROD_Device_Flow_02052020	Actions	Visible_Device_Homepage_Ex	0.002	0.0036353790613718414	0.01	554	0	0.0	0.41874527588813304	0.001195160086192316	0.0035722891566265062	0.004	0.006	0.006
PROD_Device_Flow_02052020	Actions	Visible_Device_T01_HomePage	0.27	0.34609549549549545	0.679	555	0	0.0	0.41950113378684806	0.054773986689800866	0.339425702811245	0.334	0.459	0.576
PROD_Device_Flow_02052020	Actions	Visible_Device_T02_ShopPage	0.677	0.8462581227436823	1.513	554	0	0.0	0.41874527588813304	0.10697391349121552	0.839784	0.834	1.0375	1.1895
PROD_Device_Flow_02052020	Actions	Visible_Device_T03_SelectPhone	0.364	0.45298561151079136	2.021	556	0	0.0	0.42025699168556313	0.1057503345402084	0.43953212851405626	0.427	0.623	0.847
PROD_Device_Flow_02052020	Actions	Visible_Device_T04_ProductDetails_protect	0.23	0.295629963898917	0.717	554	0	0.0	0.41874527588813304	0.06592771914696964	0.28650299401197604	0.281	0.471	0.547
PROD_Device_Flow_02052020	Actions	Visible_Device_T05_Addtobag	0.352	0.42580824372759857	1.213	558	0	0.0	0.4217687074829932	0.06593761302605503	0.41677534791252485	0.412	0.537	0.658
PROD_Device_Flow_02052020	Actions	Visible_Device_T06_Addtobag_Continue	0.006	0.015463327370304114	0.041	559	0	0.0	0.42252456538170824	0.009722241202758186	0.014819639278557114	0.01	0.034	0.04
PROD_Device_Flow_02052020	Actions	Visible_Device_T07_Createacct	7.198	9.041372972972972	14.686	555	0	0.0	0.41950113378684806	1.1779667271990333	8.953048	8.713	11.4195	12.2055
PROD_Device_Flow_02052020	Actions	Visible_Device_T08_AddressNext	0.085	0.8810648648648648	1.826	555	0	0.0	0.41950113378684806	0.34381509604649424	0.893062874251497	0.966	1.2595	1.4695
PROD_Device_Flow_02052020	Actions	Visible_Device_T09_ConfirmAddress	1.807	8.353561371841154	21.27	554	0	0.0	0.41874527588813304	3.108853281128384	8.449998997995992	9.923	11.3535	12.768
PROD_Device_Flow_02052020	Actions	Visible_Device_T10_keepurnumber	0.428	0.7083935018050541	1.281	554	1	0.18050541516245489	0.41874527588813304	0.10092415181520321	0.6967279999999999	0.683	0.922	1.0755
PROD_Device_Flow_02052020	Actions	Visible_Device_T11_Protin_AccountDetails	2.124	2.5929837545126353	6.69	554	0	0.0	0.41874527588813304	0.4677695832981243	2.5180383064516128	2.4755	3.1245	5.1065
PROD_Device_Flow_02052020	Actions	Visible_Device_T12_Onyourway	0.177	0.6170180831826401	1.079	553	0	0.0	0.41798941798941797	0.13431601596013035	0.620307847082495	0.627	0.796	0.95
PROD_Device_Flow_02052020	Actions	Visible_Device_T13_Signout	0.462	0.5635895117540687	1.093	553	0	0.0	0.41798941798941797	0.09689020861426761	0.5506257545271629	0.531	0.75	0.961
PROD_M_BYOD_01072020	Actions	Visible_M_BYOD_T01_Launch	0.049	0.06385166666666667	0.185	600	0	0.0	0.45351473922902497	0.012220293079572115	0.062422222222222226	0.062	0.081	0.112
PROD_M_BYOD_01072020	Actions	Visible_M_BYOD_T02_ServiceOnly	0.497	0.5366334991708126	1.181	603	0	0.0	0.4557823129251701	0.034697137571144954	0.534354898336414	0.531	0.579	0.604
PROD_M_BYOD_01072020	Actions	Visible_M_BYOD_T03_IMEI	0.296	0.3390199335548173	0.989	602	0	0.0	0.455026455026455	0.0542535809617624	0.33361296296296294	0.314	0.438	0.458
PROD_M_BYOD_01072020	Actions	Visible_M_BYOD_T04_IMEI_AfterComptibilty	0.236	0.28408652246256244	0.479	601	0	0.0	0.45427059712774	0.0471483609873685	0.27937153419593347	0.263	0.387	0.43
PROD_M_BYOD_01072020	Actions	Visible_M_BYOD_T05_Summary_CT	0.121	0.12612146422628953	0.427	601	0	0.0	0.45427059712774	0.01276606514117268	0.12544649446494466	0.125	0.129	0.134
PROD_M_BYOD_01072020	Actions	Visible_M_BYOD_T06_CreateAccount	3.572	4.4255830564784056	7.137	602	0	0.0	0.455026455026455	0.45506053581755745	4.400688888888888	4.3665	5.2565	5.914
PROD_M_BYOD_01072020	Actions	Visible_M_BYOD_T07_CreateAcct2_SwitchtoVisible	3.393	4.480222961730449	7.499	601	0	0.0	0.45427059712774	0.8186435425426627	4.416012939001848	4.1425	6.1815	6.609
PROD_M_BYOD_01072020	Actions	Visible_M_BYOD_T08_Address_next	1.708	7.815855	20.468	600	0	0.0	0.45351473922902497	2.5865388936067832	7.931585185185185	9.0915	10.2585	10.96
PROD_M_BYOD_01072020	Actions	Visible_M_BYOD_T09_keepurnumber	0.76	1.0943194675540764	2.224	601	0	0.0	0.45427059712774	0.16555539119475768	1.0887878228782288	1.1135	1.3195	1.4655
PROD_M_BYOD_01072020	Actions	Visible_M_BYOD_T10_AccountDetails	2.518	2.9569253731343283	10.038	603	0	0.0	0.4557823129251701	0.5557210117848514	2.8625055555555554	2.829	3.509	5.4565
PROD_M_BYOD_01072020	Actions	Visible_M_BYOD_T11_Onyourway	0.457	0.498105	0.838	600	0	0.0	0.45351473922902497	0.028838979989479763	0.49597412199630314	0.496	0.533	0.57
PROD_M_Device_02062020	Actions	Visible_M_Device_T01_Launch	0.049	0.06295255474452555	0.197	548	0	0.0	0.41421012849584277	0.009915561116741588	0.06214401622718053	0.061	0.078	0.092
PROD_M_Device_02062020	Actions	Visible_M_Device_T02_ShopService	0.236	0.28223956442831216	0.642	551	0	0.0	0.41647770219198793	0.037010579294389896	0.277758064516129	0.273	0.357	0.408
PROD_M_Device_02062020	Actions	Visible_M_Device_T03_SelectPhone	0.046	0.06106521739130435	0.469	552	0	0.0	0.41723356009070295	0.024322509737112717	0.05819678714859437	0.057	0.073	0.126
PROD_M_Device_02062020	Actions	Visible_M_Device_T04_ProductDetails	0.013	0.019196043165467625	0.056	556	0	0.0	0.42025699168556313	0.004162152997110735	0.018848790322580643	0.018	0.026	0.035
PROD_M_Device_02062020	Actions	Visible_M_Device_T05_Protect	0.238	0.3025631768953069	0.688	554	0	0.0	0.41874527588813304	0.06400017923031755	0.2938117408906883	0.288	0.454	0.545
PROD_M_Device_02062020	Actions	Visible_M_Device_T06_AddtoBag	0.288	0.36112341197822145	1.249	551	0	0.0	0.41647770219198793	0.0730923671931761	0.35190872210953345	0.348	0.496	0.603
PROD_M_Device_02062020	Actions	Visible_M_Device_T08_Createacct	2.775	3.6687686703096536	6.276	549	0	0.0	0.41496598639455784	0.4487485776519988	3.6414919191919193	3.593	4.52	4.997
PROD_M_Device_02062020	Actions	Visible_M_Device_T09_CreateAcct2_SwitchtoVisible	3.422	4.5208911070780395	7.751	551	0	0.0	0.41647770219198793	0.9165015174358218	4.442122222222222	4.1345	6.4815	6.856
PROD_M_Device_02062020	Actions	Visible_M_Device_T10_Address_next	1.469	7.949827272727273	17.757	550	0	0.0	0.41572184429327286	2.6435431209723	8.07500808080808	9.2175	10.4985	11.944
PROD_M_Device_02062020	Actions	Visible_M_Device_T11_keepurnumber	0.602	0.9579219600725953	1.835	551	0	0.0	0.41647770219198793	0.16662479128431473	0.9525282828282828	0.971	1.2135	1.4075
PROD_M_Device_02062020	Actions	Visible_M_Device_T12_AccountDetails	1.873	2.617814882032668	6.235	551	0	0.0	0.41647770219198793	0.4610236101199428	2.55434584178499	2.514	3.1485	5.0165
PROD_M_Device_02062020	Actions	Visible_M_Device_T13_Onyourway	0.19	0.5656575591985428	1.1	549	0	0.0	0.41496598639455784	0.14916349802990642	0.566729674796748	0.584	0.772	0.913